138305984	301072401	824022083	360259217	160529980	375472905	725486518
216783637	348956142	999068886	228917214	578898960	143387613	407000486
905557103	446527853	729445042	727293304	573946967	487475008	460223598
235414127	147592600	645203316	827106807	392186545	730658805	751506455
136248971	139621127	677221526	915686198	521889549	85003950	624947051
548532566	716044175	897251169	558311733	692346602	948822052	365204351
943359258	757842706	389191445	558539432	715227376	631777429	174357799
574263510	16616024	975869302	586047419	675696353	212146125	293160509
582678083	244297499	409126019	597504355	37310986	640432462	957619330
787621319	614448503	339627401	558902052	409003769	444352174	923129081
38826920	181847495	12058716	856927752	2881702	200233332	413797020
810227494	263544753	588381171	998986474	521149873	738731558	638467363
682947146	791851301	80381217	991975649	786972383	624311999	63388743
356669112	224872290	520152408	489651162	330961131	333092289	496067471
277444204	21843100	636224279	794194291	731884518	932542623	355102341
864626751	595823538	559424956	754071936	273564724	334200978	138229952
260372732	417145123	864701461	455944907	366679056	808711653	289994315
845647622	684594721	25308979	107794496	769861808	529624020	713885931
580773404	586774608	869987155	948128132	520822184	501309789	220563061
989633584	389179760	253048146	133946972	118571599	623972832	674061442
537352068	31549605	576590511	904887244	767867877	376202840	399188616
697119192	328342928	612520520	211644675	823562197	470240936	646907196
543191765	189468329	818622166	179332095	404363223	524051876	888867195
653438673	829866137	890270826	818602563	636118401	702907642	372082243
114911228	949215832	519426488	685728286	80913231	400537725	984771366
796518123	341491649	66086016	891824182	787331064	418493099	240626425
22576842	985905447	622664661	935121865	514546835	366945332	657329201
701930598	459261738	336495662	570431273	586676043	372676239	668517864
653759986	672759763	144223837	416117468	753145151	215615079	318186793
158082853	863524998	613935206	368353673	395490857	905860407	466127038
676729613	975437172	903813945	856597950	895016669	304838668	674808194
505660280	197879344	663668001	786796577	123579061	769027604	831271559
307423862	677921036	457978659	332646081	688730530	245920065	928718966
84168443	416931888	507487877	527700041	511362023	129353556	511288475
599721788	962481861	164768851	350868288	708245855	605964506	852622095
879475317	873796589	48879601	242808842	686388511	688917391	528902101
103975552	445424531	65629521	768718351	339742621	654754608	863230406
551897478	579905144	370512650	60749697	292011443	773243088	981426701
20497562	380731440	594821261	974389554	173313622	817329083	749382131
258347798	572144452	548879355	392860588	861110883	53283093	760804466
68458345	437336469	24060238	459242958	949885006	165270465	690319842
564678799	496419972	725820253	9044306	549164718	446073508	803105608
901923284	329147408	201065832	184107273	195807370	463675604	606953150
170073225	906561992	904361755	953066027	238801402	927280675	256272101
90453559	705998803	708453463	689903421	385660842	382501131	976600071
491530168	106744215	876360501	315776303	924740880	251978584	817350606
475338463	191165612	790915081	390263987	649989954	434157731	297878721
486363537	269641633	632205687	839090723	805383513	477604723	565765015
266016955	363554317	59183202	805812463	611973810	782084631	483271564
14213831	353153057	547080794	43897507	875951991	886972696	61006653
599769559	880101667	217101489	573704587	972849818	84400026	64849511
539225452	297953031	313851347	170197925	718590578	677453399	901263536
25410914	457927681	967443531	406466165	277166949	636972418	329825237
59980918	667599088	653680027	368541010	8523279	148935439	15195319
601279608	699223440	215189208	801046089	883576723	79007316	796997209
234737544	322957292	116003151	974017057	278639293	730098654	928277885
923231803	13370461	890009951	867598603	908680001	91359382	862818097
5028591	788846246	113408855	15956042	310697894	793717208	543380327
548392170	411231558	556791544	27800204	650317460	45606067	144090219
872083500	126235300	201926249	854220847	789851367	117133170	972516611
808150071	171598303	621953847	836290968	179931326	374898938	375560450
258472654	493909662	484335357	90599237	194882516	533172798	457956082
955470787	850955481	497142302	875620796	890315066	949121851	22179634
447214634	649583811	872169192	880254257	237627957	434819209	552800452
160404715	553781838	716553361	253094752	437310233	215135679	186954923
719763766	947577039	81499142	837759944	775711469	215955154	636502359
226972968	49031567	889549460	394309805	298973737	273376008	377851672
277220417	633319829	935458664	303831174	541940957	534024774	407319828
663831936	845184195	671161939	402789740	617698684	396241762	141124556
527077573	177898609	46824820	30108674	82455171	330859893	841084216
578217526	722133645	669779432	284974325	243106405	325272732	729595826
287758308	101334979	477325976	609429143	181942217	572840159	857767633
951027821	330574068	868515926	387670132	556020324	447378871	837071328
631965104	386892651	839166278	729462616	231368100	850944052	689425415
522149965	806543139	386917818	275469764	409883109	811440233	332184678
741272069	733093341	788584690	478769511	947140526	287005128	546760523
128515164	615461386	989061613	125321312	397242889	448114755	25129116
271184567	551795880	54352009	587927751	878394783	487619088	379119007
45214023	456483515	735439096	414449623	33562054	361737511	2295669
145110018	500469355	46683054	693562956	504417607	824478039	478099433
85771870	610977735	669864738	457660787	994124948	209131320	659963138
509467220	979111030	927756913	770287920	102598931	465987164	144210083
309784158	362862717	719062817	868756957	983746916	819901896	798332018
853498946	905154627	63737162	211087833	564482504	650291019	857449841
886238348	238806656	759868006	101158050	378166886	470000683	799330037
747065132	738740396	217146098	952716670	293766772	531332157	403072152
818596314	102210129	764068985	330837700	979817701	465108716	602121647
964991649	490771298	458827657	264112511	595536650	765872836	213915936
355153442	824586817	349780432	385768866	681333555	52398216	283220402
270308636	634431633	906338789	909027259	719876983	749170056	606875053
673620828	690674428	431916492	294667757	815843500	435267372	507332778
686018001	449211840	129339133	446280888	488770419	466882661	586512585
608417899	632788055	649070862	457609442	983576884	35183157	729709603
641387190	759388881	849314169	64499722	19319029	129403866	499431783
677046571	936132043	914704007	839571379	264490607	849036545	874860929
370763904	51530243	276000861	393147497	244727943	987917030	342852878
209727007	926389573	452288774	867747000	373310008	169637547	809979529
675584123	241602156	97132643	15771843	30302281	598510843	298483028
647262456	859149303	88046304	580593196	128288138	861532960	480969981
235333242	390684695	686020621	721651195	765973836	731153396	878721537
705681724	984743210	731865347	921508334	932342368	549749248	26584330
663349134	445177424	543622404	425458497	122697260	413063862	16871426
242418775	49442184	941868422	574698592	381803050	228192581	671204093
334848784	272134701	575487951	653337882	554039086	160688089	178162800
71071880	477345104	377787008	449863685	769489592	679998984	328976494
273065739	71415081	429720625	715942358	783195636	328352455	351346346
163578425	399238377	348462383	167093204	386413617	623434718	554962787
167263958	610710126	853608182	659985805	42110097	157992545	397626782
683658694	789572875	557780227	212130379	932020135	955972895	770902707
963904104	962472218	128405579	987648806	741786179	8273128	90447075
386311145	318375711	152527272	466805771	230650318	791027360	735177667
66951385	808648427	786571542	896191636	338133310	559184774	653271695
239518123	584035391	418717882	605714193	319940879	974446924	47268467
341828846	44239103	675027301	30915584	70094668	149337144	109036422
573471371	117087448	426999225	123357699	17656214	105257874	179558985
134205742	455792078	701208579	368210059	225477360	182949434	745230264
136425717	68385278	401414898	797766790	891672381	137560801	673960597
128273126	842409916	692316375	474826354	578169228	40904488	152306384
313931714	979946855	359799406	127837911	260663204	850049636	213394501
1484873	597710403	848355611	5299136	433914586	944768964	179557113
526311707	502280054	281952055	551000288	633464631	161592545	541365304
331534041	222097605	58751041	215363647	630640251	978733292	207755429
927902913	574604372	204154308	471798900	981812722	756562235	442252571
893863463	805325260	253673434	482087457	813721136	626992182	909156954
938582640	677504061	654643703	317358873	308418297	267932792	846524226
628075827	116108481	164067616	213960477	188315467	228387983	32806955
250283629	291487333	294809400	492313776	449505717	715083007	673958599
619138800	465156754	129587622	798050602	56470668	311534779	17074578
533335502	579036032	484977359	317284212	172583622	88163749	572725059
290258580	236196234	139225267	807978519	442814229	819729388	641971720
401049872	386577962	303133228	519608495	363787131	981197129	886223552
946032784	512508399	446571917	651696654	651611847	256419802	172241855
676564071	963182553	797868686	399475601	218091055	88411926	767146809
609651443	280888265	594652018	775903638	50899388	855600437	281788947
647391645	463622892	67593605	109350497	870124105	503613979	888722901
271088683	28950756	407278383	570808088	856954535	975944308	679333373
300082968	827875492	969885238	331262861	406677674	361816588	562065041
176091798	656018719	826371216	785745446	640815817	668002727	622637715
674375658	407850857	223506935	607582930	275349314	697198412	421591982
967576536	853960208	110898974	473630826	995543119	647052307	221929584
524362792	97470573	822545520	240568990	893997879	600463910	646987243
678163889	146883354	804044227	344160945	151060690	162292241	490039601
368337139	37913172	638970212	980582468	127900923	683454676	990300428
51915211	125197142	935267798	812134303	632917630	266131471	715926472
909068053	128678964	454095003	444098713	1709487	374533037	48685407
666230982	675429580	419405759	677546247	298021977	418109004	977176312
306343304	196829453	886328161	719958272	741447690	890076482	504542482
115649717	7991459	524386526	422799983	387714287	383450024	738540871
435545898	201587157	575125337	843064251	170403343	567920909	547211432
449210152	821339798	919645026	574284786	154694623	912141899	517867403
745313708	847263694	68520	427493647	653712055	395770561	117784822
325195878	687441953	349487660	963184665	950160420	344725312	19847019
151015718	83711421	686946930	627563268	325430490	296215747	228777310
913188041	151648380	629676790	865668136	824201349	17142065	266943
852423314	621434728	348849335	181952719	453723035	547435195	334971734
817140830	470196850	981678319	257032411	570540277	539808306	939483868
567544702	548155288	953714328	877619977	836975116	927025743	546341882
907405890	882041016	813599863	440987345	337870477	460562537	850694074
188158233	595395262	688916270	708072155	4764409	931074707	908470754
589497434	176671553	204841915	632873206	619002957	81930043	157610925
439226531	355648131	368809678	175880398	722680327	13694528	533640519
791807352	412647804	872723813	565467480	675873290	437323141	288759117
207169875	799379345	768056728	199918250	74915059	72461547	287190604
767090201	667095729	874458425	418684953	405624119	213743408	745500070
400800724	989588882	34852871	371814001	86860542	904295742	751650929
778581764	328279502	39106870	28074348	471705983	472792661	92000648
176065806	512396851	783616982	993936465	666322730	422027304	51633954
883722819	255227657	454536656	951252744	86337950	13675723	158094188
573602626	200243177	812163306	904958312	844456744	16929043	63505146
475715958	108060965	937893041	670783144	636676835	870102725	760390252
182831514	370587081	650400713	984964812	907935270	654903391	666823690
347040119	83654268	74653828	802038161	625624306	500520023	856483362
118605074	129522860	729035805	278867868	698107900	31761301	88056925
342225841	819433484	935104080	821125359	782026139	585176282	67628629
947712414	205430179	344269432	779635139	143524904	952543609	772071750
843900930	511956057	680992944	685575638	333526152	658919440	950176151
644418658	335201576	367572644	206357208	665245111	698084110	262054064
681301755	602873017	494873428	691706137	176783365	701997082	325108811
408765634	925184834	349325154	159044646	92451920	479827072	635110472
180075817	5748286	891610240	771987156	476217668	322793493	538412816
228200419	906357099	905481360	767149113	312774035	262628473	484767191
120429358	96606052	717094208	189546142	560229474	748908470	154045292
766107677	907103674	160432690	357575762	574797429	110584662	143648847
456985723	190683642	328500822	345684880	678652756	585277117	968899841
386965247	328389043	151526275	3233814	243512498	835141529	43559798
276984269	790681045	482632149	453753617	571108603	75910558	559907163
94272342	332130483	992152695	905235360	86685182	900895094	578089201
389610096	370778001	924720342	996387754	778750746	126859777	903109079
256189701	775111359	77596506	840499478	851259628	898512171	518007081
977298401	21108004	591195781	438746094	596120206	456859099	114684411
318802072	489435070	297563796	983123480	335913079	693606027	654648281
500594642	876973012	281121240	425306290	929920217	476345024	221970125
687751702	134124468	572230128	899044837	208091461	317695868	78669165
485922469	563131181	908754879	247205237	225766542	853337882	459800133
285869712	146706371	962776900	430505033	128935514	772869183	273577947
998302515	974164147	126699620	54969245	790455461	787062079	333110691
35341692	204439939	406683803	266230477	40927175	202595908	124365751
512632770	734401489	791950022	458690007	368842640	133541419	917047505
695888977	460892563	312606896	540706038	714822074	955133519	780694566
555086662	578648383	27255971	780393095	911567247	536161777	87616024
134976606	219105615	100446491	282081350	546085588	382301065	572696853
738084573	337193311	796316827	599097012	551800759	411687627	421100141
335226674	41678734	788515276	142034590	185153876	522818270	799040550
918524574	934291933	718238760	38727821	122646248	31005672	422315924
716637987	103675366	851709607	523322488	133851609	522043271	867086483
684103661	608994324	644817593	160894134	610114330	404355866	86577971
550589616	561818804	180260566	566129063	994435487	835003486	310535368
338193056	702027238	927975344	803986877	600496718	969396930	296004793
790005607	992293921	80422957	647044541	918514583	277984503	339992831
811044726	513609369	45565713	519727995	917256828	483373088	136117423
243064601	316246791	837319914	548335600	685924739	474138910	475851148
422263143	880251654	375302860	573526109	905974048	119216115	425433446
633905147	874585716	68542534	889436396	117176320	156907106	230999721
633042016	798802251	998070141	961905351	220873925	255232553	789042533
473275340	286467953	805261784	529862923	401202773	166383464	171157763
493030052	840093018	102583626	870164467	321184850	166604285	985337829
992107957	481869688	411155282	304480029	246081927	73639206	689692464
623208399	532044553	575355533	954059049	360884948	497135492	399600957
406941990	93256719	650371387	787415057	100098474	196618153	420525785
52203722	65321830	479841934	230856292	189197110	311410019	535475029
837529384	782955158	354176318	371597579	789451234	966440483	526824860
781536198	566097787	911811135	677111237	987336644	960414176	237831830
997539652	434810070	264678103	544662343	100869266	769076336	578340224
601744941	545629978	262698699	308412061	213456289	940892964	721422828
818581018	327229433	400148459	619364921	251429279	582012395	883553439
648092422	968417605	81137096	579101069	478597698	391162622	708144648
455595180	601301581	812765914	420231792	620614266	174755983	801318528
720148718	944157372	125233163	95291390	798529872	982357202	878016347
909337780	924113413	433096873	807061684	494506798	620417676	524107670
128862517	82489082	128327904	975203183	742171578	501086443	506127007
157884649	823703125	665237482	42814951	942684227	672834407	100195508
659210455	660277924	644572908	119249097	917455713	908426897	960038483
962327743	690410833	867415573	512905839	698531088	906061914	208077562
551813930	732635428	978167748	770882831	563710307	731321227	135744407
148880408	164249494	283654496	175532206	630717124	877491915	286846134
383909659	715459743	429186612	699142755	47449766	401012532	36553462
833019997	415205572	606579140	455725817	971768643	756297748	386065918
700378625	516519517	423274321	967256798	180375992	834831003	948000138
78607990	246840487	423144659	61554466	146654146	417804310	568892617
375637913	357297302	947744933	929172327	338082475	71174024	88703033
83440447	378451144	829606391	269832834	150832210	863556836	392460585
464007614	527671926	839250629	795199550	428152596	546989027	15451004
307666314	601038730	371191844	700254317	134282515	213016189	944268464
600544148	851063793	335029847	109085082	358398958	794419691	998629357
303747163	834149994	442711524	237191665	283771217	403249428	506470891
71059760	110264777	737005399	520608617	842741610	389580775	196067358
955922687	81536428	328484712	531923919	175292634	179639670	209098700
885403740	736736996	410136408	67802361	121701097	826304638	766893034
476539458	48398324	559585363	531656275	97786367	661942569	563371029
458158000	899323275	172498301	522599195	213042654	239428321	966245251
848445373	104081809	810617728	334953043	641364757	250099333	717809573
976010376	267599588	645575518	932018078	383011042	220263117	408483471
102724977	661050199	723909286	788081605	94877943	766616782	346718905
435848551	970675590	8597157	540234128	540006844	241420655	283196041
794494178	740850214	394826198	863171308	106426545	620652313	914084811
516894448	863418785	394680980	396978125	214057089	227732978	345442727
342907548	611582233	490416502	156813740	568873705	963578102	885014934
289508897	604257051	617083865	155161513	252262083	700516754	291448162
980869881	931467584	87329998	600763359	377783399	178291540	90382503
100810294	790262597	503135550	183778195	3036824	937406202	579520348
746832319	167219801	850552517	275591418	168151250	263310973	611609485
284871290	942739159	616016061	275139833	747274272	235659190	381711556
439203557	73434133	71770631	523222700	121129149	726049663	547712751
336931073	218106089	719797790	272591938	581230880	662126310	72999745
100059988	12445872	268548380	189257837	405858106	350887794	286283636
505446203	733313415	379489336	535542815	705202213	407230961	504483224
328605457	112003995	213634242	418582753	416324286	811986069	540206837
136383679	371471932	540886826	522717633	952105781	779959301	290334235
285653835	428869070	891779466	394782447	442339118	275887888	262903189
559844820	758136399	650197506	333812199	651979793	426820686	68032592
666104333	695558989	1226848	149355680	762250438	279546928	222510832
956389871	651762260	120508492	871376660	102618413	937749036	945873931
344720287	224486857	108734154	854691612	339073029	49300597	866655656
832825305	71115740	450983890	254415980	535399608	572246041	897199134
208519824	873407166	573077535	291998150	793531441	132816038	920219213
77577556	616698246	285176772	829773582	481366182	449333644	464331628
348943809	614659802	646475539	108329062	660120890	948714509	187932687
25011394	576356362	176835789	55762966	246932985	282904748	406816697
180183819	303154460	937228621	314144771	360784631	438859562	375540606
938695719	89817153	786046283	586716220	854301660	232453072	326311897
20582947	182050098	536216306	995443980	899517147	875276440	9450167
126269532	976575113	774742755	971058102	950448645	244622586	623686492
521305018	498695469	871941664	693977534	574659902	218966933	880208999
833025349	546987255	446448402	400755733	417793935	695239129	569407284
817160435	516268620	899247098	529719123	784354085	376410384	841822664
832312421	465681412	394082943	75670862	152058813	429678940	899175414
618827163	5992096	741699618	11413476	304221102	670991711	477237663
29261523	236165240	660373286	969843399	573469167	662552868	721322030
235015708	812266380	737427250	70137922	697336613	139998059	246374303
694796864	77843975	691569130	155692264	223019401	191973876	532454021
823116339	37358573	690408460	677746399	981822070	135617139	729729249
42037803	509312786	640593927	132318415	538588915	168187095	867783060
355580958	23443833	258115781	884146279	264921047	737353020	259012824
708192639	463413460	300351887	409203776	308763790	773822475	981595112
924271883	920806948	446168171	233595106	345651498	958093682	503669012
724526926	368715123	828875871	92089818	692608793	169860481	662300642
958036789	574409738	249264565	2450638	506560704	591752031	663117010
153994501	947364844	644751602	315797815	664715319	78958145	404577345
34375743	945774187	293897451	509039244	569162137	495450063	628852991
40305497	466676425	324289637	939726025	127657777	811176668	87267591
309305110	148441295	531730078	238429564	587665196	892064027	901121398
990526030	309963909	698890253	417092860	847740385	482302802	930912268
785942485	679514298	714496630	739861433	977212961	539229125	896406227
326956890	375153007	270641906	868049080	668092371	990585185	64015300
70499070	685418546	372743919	433296680	910905140	459655504	129681658
239342736	620452895	76503159	31145880	468808740	991637944	249237702
877705025	833618438	743699656	906366606	194331356	660784899	901098199
281839933	865792753	608711020	752333624	577433359	63229500	44589678
365186646	598806731	693138341	582401042	507511517	60987929	920510714
401546548	371196441	27859327	741316701	541034932	477848266	924494597
382724613	940798471	291007392	783964475	518684790	528740109	444282086
806904139	278644282	784639934	167069443	858482822	993706943	51427057
160485600	933882643	637794243	424027108	452163297	163253217	79998666
651392219	584043961	640573654	262061925	645033368	200914737	9947964
339831685	316977185	640570776	760499241	307397372	811657124	308543275
130955945	778711284	10406394	258868413	838040652	30113328	468239467
700080391	6817896	502294339	504206161	154557180	53375899	801185742
276036054	934994370	322345771	735919347	383719836	653869975	908170232
64283221	267847862	175538865	426911048	985827460	923424533	621399504
404628643	174864531	297446667	850546213	397542068	66959740	383325912
267693998	25436564	257552744	907066508	702598382	407332618	640820714
298507240	236765328	970730307	789814394	327964382	913364030	784146303
744128260	505273736	932831180	527190166	845135699	165356423	395595413
504742634	456885516	602122551	660002183	225107973	627206939	375405705
371490071	555104989	478616066	678590840	330713212	691978019	795882395
881558258	554367131	565134740	931104479	227211532	306871690	103095392
433725420	778826043	895890799	965866353	830588764	326309376	486169523
741390033	289324485	381830175	330165846	33821188	139442630	771867713
395330319	385012120	749722047	935668953	604689634	642544028	710624292
162416151	630428406	87461541	733118889	252330615	412418153	473257322
140525633	6159135	790116115	495307001	208081663	11354651	509797767
584019804	510695592	768185250	120831883	200678015	623928149	615018997
388993718	605087302	249937475	67787578	30220864	555975523	722138679
416581464	129856032	404589566	666066255	248702259	598256572	31436557
693241295	508982830	964485750	837457683	168866830	781957642	92170576
48679381	261868464	281175740	126894542	53702032	436370377	192987510
32031791	75857908	159520429	318342074	364945455	684250812	532027435
347408906	623675367	947775630	788374738	408420996	694893406	462867875
94514280	29381231	157892354	61058735	191278725	269468148	11484693
646147206	579870162	655830831	213737365	875202668	857458937	869398511
847614870	574634505	761906889	974129026	287635892	557923697	195249584
301980847	872048078	936672795	747208217	301649204	171543117	2348018
774389157	235619083	317775383	208424385	964426048	473777566	611900640
91844847	216279412	894969471	974464109	71480147	388064617	707726417
558937361	168815331	469479368	6572006	243435071	516020522	254733472
289129499	695101286	848390862	364303374	844114664	531156936	585545765
261897308	667641397	873858913	641830276	162612659	739161895	611544885
208306668	805166862	924882206	113581078	420302515	267825621	527033918
90176133	823648960	569278561	690839936	17904326	553785338	991827133
969451914	349889715	502753330	624652044	369744761	681791746	81492359
154364026	432690494	405766414	905279549	849490892	685642732	742872512
615256370	396515483	249014321	622731418	829396039	365312261	1905486
182466545	456920011	455862213	858929400	529935354	639435676	901803854
800393092	839406408	20047384	983203651	999751091	491823234	357377847
745892588	721806460	103834495	679240659	282594794	96311724	164637938
215772925	976801230	390751831	267580779	458282642	356287351	985421967
595877534	902940557	705339704	465170521	6075969	177007311	573369850
800051494	706966243	294713374	375142155	463930721	126334598	63516502
349091988	961409812	69816906	108764833	201820853	22631828	790644329
730695534	620939511	586370056	762027493	719928224	471547953	709480624
114685717	902067825	965193854	242084829	406506093	606588439	815064513
789645688	773162935	461698414	227365349	510213056	839170817	695464028
447953873	92835411	835955949	201225645	926756512	808407617	762656541
788318357	279150974	552931749	896748378	116956726	884955727	927050796
973842464	829072919	787841438	608403550	920809462	885796997	599822010
870487340	740030539	660416232	545445574	734621686	504077249	369868282
74302226	592873510	910020926	582994346	504113441	736091301	194615933
641794632	666793369	766196672	580441526	456039172	415252703	552896648
227485319	380621896	804172051	797769610	559234173	906599950	822301984
739537043	91994192	40583147	70163944	483006057	993960226	481684181
728727619	918446771	135657755	223806137	316610626	849909264	624503754
907439482	167539760	496516931	765100579	727823695	406813689	130073781
883936232	69440675	830696240	423456069	105049663	426702859	775561001
711685793	344753840	699473407	979968214	102009832	913753429	666953737
110997538	785167242	191462166	913570549	962816162	968035182	762172324
393580314	693940591	10676540	983490537	660112384	890567190	711798379
216388464	480698535	376511703	160278553	335153078	192338762	393773146
850333784	201075932	843870293	512892138	599933329	526954462	999385857
91746380	32381800	841472130	656889993	900748066	242735895	673093901
682320916	729053852	28865333	451160469	9820619	166840876	584908014
173987149	412625520	431656936	424446514	418985084	649713011	207534718
836751835	992758460	465494092	818967837	861397595	379516293	128498563
769298178	221588790	416337342	56320796	680062082	436458463	653037825
582116743	926626054	34273984	62623720	60910457	990876487	51414075
701389712	597722825	298062058	762457439	57002240	531732398	893357543
173805832	827166333	766840561	462005118	968514704	408217293	638243704
58474326	144631975	951794809	935086188	472767317	664710921	40441987
561145609	464866045	491211272	7264306	225975552	169218387	969917974
949865482	585415637	684238698	975452427	79844011	684944858	413821053
620426433	890544368	935476332	923400800	16416073	778265191	534226817
592762604	187845465	53791180	80146420	751083533	22576796	921740945
888411879	228419408	475144566	697104713	237930725	3301044	723099850
859726500	367365731	146808499	965699519	580002720	330964107	54162365
479656038	894672278	757003983	410745538	978100920	75585674	788445156
451039828	941363368	891214339	895318064	947403646	53474356	591965074
877440345	349293587	233595004	135724180	388433016	449019104	507075671
610333569	543112754	907937305	396923555	556083780	643107037	299083252
286102668	778792323	195958163	889625834	483136242	699774010	332880148
768798566	759325496	141403900	759547537	134629242	868810043	114488227
295579738	67205680	695509844	858496557	481304532	30724745	367107929
439347490	253004654	801301230	538329816	969181897	801349238	676051280
888217293	960672340	335315071	241811147	363832116	669715909	794419470
951363344	736288546	596768331	769697607	87401401	558622712	670953736
341146099	168659746	102369907	563888105	658587956	474417283	786973407
411118684	942022271	481937209	766557890	661382613	626290622	323987792
22094725	672373645	310024777	805723287	652694595	157491920	63356083
854883198	918171002	195397607	770488149	63177012	715548205	943650432
283623346	580064726	683235911	311028380	822763012	959334680	378184820
364811889	217323243	6758156	571665581	189529389	192566477	461994795
838696557	563450320	396420304	309142307	637907824	64227533	371617472
552304001	659896975	309487973	687831415	352886191	407649266	611351017
183264123	143954921	55323329	108806292	645584548	550384066	610530021
856458231	523843064	130262479	701213291	908736968	516159104	58949305
679397731	549570347	12158941	352581169	260746150	224821844	470129520
673880968	58707982	157875180	712082928	532620483	820553623	761790945
491283257	912257312	381366942	37980159	753929276	132675598	468580663
71706843	391032440	601814047	444514296	559178671	468874620	306430897
83259450	952960330	35117943	22357147	911862473	649103256	642995037
443794538	123163199	471912405	41404565	737905375	130754487	362570822
829130888	982633072	978125702	461720257	801287399	25304483	817990096
145276746	775190298	583380279	718294194	679344054	828178502	29424891
454315574	176905413	36533176	211776688	515699168	804385704	398085293
969217709	803134210	209505820	567809524	843508127	641868331	572791262
98505478	934725705	794272141	318409879	26527914	854382993	883017313
635959590	220003936	606715057	539747311	682150778	417510943	385282644
523669549	930425577	834474211	611767337	237728353	5130590	534052566
921290864	585981298	297822111	365691784	616324971	576191489	94952193
252527280	716712352	600779465	598647290	201006977	372790599	432651451
249917646	373733278	897903874	164280380	544263398	20167511	156626061
607209462	501335204	769677456	281518154	874307869	571003732	201044906
279262645	928916134	981416718	818376409	239224375	462995441	385311697
296778459	931546341	360150009	918859287	784901909	138229514	986903001
484445671	49706239	346921048	400154388	706543670	173976773	348134499
281632291	95241176	615141174	219347869	974930983	544701131	724473357
366755918	46547762	581758313	18690265	274924769	252069603	383935266
269919045	952047955	420931686	284118839	314033931	775698503	909402677
916763409	479970353	847331595	227964429	749225710	276445019	366015085
611509763	683455966	464821612	120895525	418124767	915385232	414541962
940936683	295937235	432080788	467806759	838387431	262710783	122418615
400328607	558729448	62327443	72952424	237196977	665052719	737815880
699890694	893370672	414581843	532380659	690966972	169982067	712847892
432247270	470559118	395491916	341910654	283574990	635477604	692338649
18824359	476055312	89144100	66828451	288158635	327021161	578609222
166727075	665222029	638838920	765302984	319286183	196864020	420355644
178640410	932876666	138775919	396414321	852211810	32312885	493386895
648606552	428481117	373719628	378390874	849720914	172288407	93730109
441211264	190010034	903743040	911064231	858372521	977185550	778269251
844665922	628207839	946837940	936177004	317815953	649947290	717553631
210375085	922179171	563413854	783107156	99968736	863278297	829709112
187125363	750232291	851184085	398800019	861005914	298637503	379577200
699632271	331366390	937023354	212592691	170067326	856047948	624418884
694837756	34661780	597970637	831228595	989901142	96304035	444782503
598667712	558409638	470957983	408829769	636243070	384429965	985847966
37505995	544055943	242727259	685833699	112778799	217519927	496335690
571243995	833745829	23136297	353805574	206012662	14027542	675128244
570377618	829485470	843720175	651980561	56556393	428499204	286517935
536635324	586731181	471083013	957460888	594227890	584848618	75786506
50548049	216169800	130711846	421998751	461141196	25042187	316135899
879325921	174210416	289318853	988577045	588976166	294556706	606344099
508809615	611175498	288731065	74661956	432845314	420760048	800328527
511928572	735076672	819242286	439952435	159687106	83916350	290460075
411242288	399428779	504514952	555368700	985071610	188347624	819065377
50267247	655362285	943858629	894552746	566503697	378029527	214436535
194433698	127333278	105478007	622306728	661365933	931047996	473311770
669489676	402443423	960755468	457202701	546891111	884884085	56383630
576649013	317841871	935419399	329089737	359196651	133766721	711467361
503416342	156190029	906612216	444196018	422711142	578083309	751706536
387177860	340575497	612142544	897297793	7963746	382365718	813523750
764844039	621077762	101276961	983630700	716905522	459924128	750572507
319996247	152724605	827152911	88490587	882281223	171458316	199295964
733254863	640089276	325852999	379125503	465912345	165012581	867909474
836915898	408471640	384374160	202119306	694487893	952811315	658165110
30549927	678445304	793266933	85529914	931260621	3498509	278279038
32649442	951848467	688450188	366984678	550992930	100042803	590464897
553399129	407054648	116154528	86006724	805610017	212401383	379934658
489133607	880562281	214388225	632170151	325219327	842797323	947487069
469329105	194031184	544847018	117296027	897366797	444131939	53621686
936739072	738534334	540560776	602641716	395488041	359134827	769214141
959282779	385300372	180784167	438916351	226506198	372612423	808583786
948203094	470033843	214219529	499727683	962006647	5306707	301692919
536349034	855893286	991581814	416792901	256412287	79771366	611591668
500535471	569763062	775202979	442371758	897258010	444928689	103354247
635664292	592389317	526126221	678432634	28092846	167152656	932487004
926219618	17461268	325610875	917677599	438443910	877231420	7768480
379146253	418109064	575191586	294212291	270417571	463881338	648847674
263660547	379580120	264046965	426569523	385426403	376372474	482179754
527981404	473861615	664279179	625935175	401277989	992852235	295465864
440880173	407176991	758683103	570878187	95459354	446992634	945071604
227052793	855537399	985093633	450061168	310316356	941512078	479582011
448783295	766749432	63361815	412494845	645887291	767612894	521448334
833772304	465021493	155260316	376485808	273518528	940928946	609752507
990641300	469089271	624702568	618445938	850191878	969977526	550908755
149385706	649948436	204616822	72627352	719935210	581545781	612509158
151238310	594328024	265355705	603669550	380020803	2026526	652371421
397362000	285729556	279027289	793347275	189824970	410578426	799124029
755394693	563703513	998984350	477940541	624369425	419769621	76426565
896428301	951894756	153086823	68212054	971594401	121499567	105802235
149346307	270416893	784609112	801752062	322231455	738256920	127686489
694998247	744361323	160508529	80015284	902658923	660450413	909092541
931982696	369426861	437922431	985894731	24686241	292785331	672874068
934503777	325665024	499820214	78522360	28399630	520692195	745737366
982140721	475819969	887445937	388660796	391039437	779881480	831063525
368293359	254194677	692334967	240067191	951157594	618860383	176270009
127067160	815277544	136514807	664271909	746726050	487908580	378874024
371107266	761518296	521233475	413519875	616166147	52998465	370699327
261463525	139552913	849667537	894996390	488660240	716848411	798496020
792463626	307103198	442376198	377225402	136084881	276197694	202487306
63947811	959963646	473318201	869972161	525580808	603057060	620115591
247873897	714979179	313589050	805355700	575768485	124240636	679954380
605596856	29286459	960175381	115239186	128033167	749727345	78754813
542522542	77081837	454429121	985115683	962682307	173464245	649278984
722824039	457008227	557479746	305466973	89415963	990933885	709999659
655165350	577917418	601647717	59604355	254312414	108459951	288130176
159688158	914775355	784896599	636486595	601059423	755195900	748684475
864923167	846934166	257404918	711016863	173818523	861136739	124028820
543171171	597043651	373950706	374681863	579058868	997639629	714595191
839583050	863154784	320984376	249691668	268316021	4112818	799163431
979478626	30182121	49012465	605207778	932753004	994878414	6336942
856112169	263347790	164242066	200417667	115794468	908906349	475628654
456669645	48916412	267798492	146297498	936198303	542530875	597133631
326225989	759721784	362893503	141742185	335437559	377257224	849510879
318636358	143217321	207689752	186111590	205491799	145253989	437895843
596413854	232931072	737169700	672336706	950891610	950708548	810317433
45372597	864265220	534424638	988017088	433053181	933758670	628372526
841186457	992494054	724001812	128285567	768236299	471020977	774957430
539720873	436355441	655157226	850164162	108759425	898124644	17768913
895110567	145721823	977428882	167888822	823830504	303803834	754474146
471255303	749627249	969680744	725378990	973099722	948608878	642333862
671929176	828556623	153905588	114143946	949941476	438138499	441871065
549195462	545110150	767339971	608598760	172086032	738169554	502879429
328375324	308751044	701904334	671420618	277858275	258100004	68207984
278396803	262126273	411338136	473955171	329267536	403286960	634206780
850424043	206278096	716115234	962974511	259546770	982342698	439654446
922855319	294600330	154295185	810862572	134130495	914221327	895601422
188966773	927962670	435886602	176630136	848064295	195171416	836941180
478638178	831995048	276359119	312394312	589016791	401854051	810525841
641415531	121901086	889431084	838580347	278842915	858109107	771860575
349681909	774130310	374537120	486133424	523938741	861224190	648889825
772094707	390024991	287846562	339235582	345368647	804073732	78121222
249293628	670729064	442356447	204813268	359667743	588498744	236403437
866435060	721870330	625231179	956316611	994113076	181835945	431121587
787192581	261752681	921071584	564343310	907417740	610317785	874023549
570418960	766593316	611522791	977296409	351761073	369859895	505250166
631307852	557701876	557685747	390709543	19149601	539565481	688936267
17276398	216694136	712191321	765891003	24156207	649964943	522918095
54026060	144227456	184558818	338902453	802180903	938449408	781691033
298523673	308962487	921919665	66894658	412294735	738833947	831138049
186396274	345471269	967127958	268127133	776155749	789906968	597227865
914029710	488041330	379174668	96376121	600316408	75728599	39321524
323562302	583934002	566949702	626210987	137072357	186731301	616251169
862946233	960745068	985187351	466567440	783262049	727998572	869724272
690457252	571674479	486866963	34297072	656115773	130712737	837131327
890929524	528425627	689199444	415604958	390107383	165589304	680805609
579453956	594842445	140858349	940599686	237961326	528344799	741856746
126550754	723938041	747290797	183643225	615626015	691580181	905719659
785771821	876068757	818926837	704649130	658342519	367949747	460020870
309461527	901690544	434044383	864886564	778123111	904013706	246906495
806709438	995048761	774029634	223869940	560649683	86917315	556600805
55114027	668224666	749556967	926358943	618904650	786272709	986465710
717105633	609013432	550161020	590677246	237215399	124697331	446914485
102523720	180075170	533980970	629886684	165226200	356602648	202212997
109718780	970604074	820353677	187580270	31917327	863702810	781526965
178500040	802186738	71003341	691738301	188082064	428813526	758939886
47914357	375397601	34691514	97418123	950964951	621016651	175683817
369196339	75372268	270152998	503176217	128650860	589577173	880918348
98707843	237862235	833992016	955068520	909930660	681213734	168897885
771661436	24651327	792471615	247666225	221158807	431831003	415084833
809335232	362431712	939025695	59842972	966329610	597476814	700804431
602481797	921754982	136882931	839167676	458699231	757267173	79180224
68385428	989143079	574055377	474158738	876225512	414124015	760377043
1615541	180780921	159804134	251712275	647899262	629981642	651022460
193875380	820208856	811606231	295554361	572733867	115298580	813189470
101629196	382110618	757608300	878225990	394522635	862668359	682388785
270385128	592038409	293896974	157170261	84959050	307995965	862823006
521827272	568781528	678116330	627230231	774379190	232349869	889331371
339188621	600691251	177416130	393061296	389433302	370274309	485254423
284380483	70633908	613810526	649729070	139811478	73634533	40916818
949526987	852742877	121001376	495588579	230668745	436520484	749425334
591975959	498687551	539859822	918359906	48346188	998424488	426270536
486641477	924894178	744063128	315190634	931049585	378651494	960607130
362373163	290191237	464295910	136423733	33749207	271760280	220822841
910149317	778368416	304929918	703515175	220872738	689358631	883019412
180070901	896834882	49369797	85914565	406867269	899982959	817504884
10445636	406691879	797112318	462754236	220584414	472080791	953585968
765025852	129902947	126612042	609327640	498428089	783788046	750647177
52145581	827976778	507970111	517439889	32827335	707959707	74127925
466187227	613204073	534241611	4585535	406531949	27324724	3370370
74130273	669161403	120652990	474580271	584339878	698003988	365229424
158247796	988947419	683674358	858617759	239374683	682620394	930019394
663998431	724489739	269173192	423083121	308397668	7147884	1596845
606630692	825176585	106525854	310505529	233916233	633669355	504766931
143529861	703260437	468448738	217583416	400526028	774464359	310259835
915196514	751643164	835579544	67247724	984839297	964275541	919453968
724265403	821837664	790592756	991008109	354703947	866954269	839876796
228548276	155060845	522972176	756428015	597567094	338536359	19445050
622338667	450582674	292205634	329222686	641406956	244226272	999165230
471358978	351020898	943885320	659768098	437778891	93912441	890569412
555057352	536948876	260056811	124081316	565036292	475910204	84095488
362944362	550690999	597298702	991950019	796148921	909946045	567121013
370504049	898823375	856263824	764848922	682623253	654703833	911366731
829018892	31217750	258892759	289575137	25093846	422241337	913366749
230332183	675665321	851503219	768772479	392492565	165331568	131171342
49467053	9944529	499006851	452754083	299677015	349780892	75471913
988255450	320445028	647824837	540193438	546907683	891140617	116518922
920267986	982455225	912248517	314422881	763390821	110748791	910439649
735149355	80120572	858459226	394904396	524596399	23697378	850243893
56489730	390769140	716317643	324089186	46838486	100988623	251662126
384625864	894564018	164191955	236910515	192034063	148379849	157706485
289145567	214988957	116566978	663219688	561161431	635984596	676451563
824301462	285266647	632221309	93156824	204261687	999276990	401511651
176821234	182661157	353558191	775404644	482696043	984481951	810283650
308796754	274430423	790195168	273784910	419880013	612803357	956785991
142663857	172261074	336572143	159357254	251913203	686227430	391421806
541805577	52790858	131588077	833002631	668978928	408819007	11360645
851177941	494603345	117630412	3506167	123273432	782147809	589385403
710234532	565145704	126001165	265241033	795013099	644149812	146003093
845597986	711235990	938204663	795500714	98850442	419693627	193311477
229197378	506162210	196969049	672293919	383635281	347767967	122369335
20490602	575059887	4503773	913771910	746003221	586342065	513937620
810777379	651607721	894991231	672466800	190743085	51875184	597817344
776521376	654330895	489017696	919350989	572459559	19412349	663749060
895580066	680689589	800232352	777177360	31292469	223927988	486584851
187370863	920602983	762338098	256424509	903134378	797536441	677914427
510645738	115357694	399734595	22765359	83447628	858813324	509151133
452486288	924187852	396032124	19710074	953932601	869325152	486263591
64926872	951333292	707089844	948988434	414553435	956230963	440694863
644721999	564648336	398102207	462542850	201810080	735553009	188437918
575176672	845414422	219355936	964728452	233346117	477930674	469085283
639886785	245928048	469749442	254960792	874523366	607923138	779028999
829526193	823762255	45790213	919926350	264285643	929984198	832048190
486530709	155391441	47195563	585373141	662679268	654348407	314254597
636999987	841766819	775777374	919409733	530939440	827373308	483542700
975523132	687735974	466375792	309050736	656707215	133457053	565790692
365872505	9154083	849029634	714025785	944808265	222156301	409729443
868812163	314798839	31013889	766671619	320600337	654145302	921126019
328452895	324738504	809620238	262268053	914281897	925933143	201200461
172477305	743261670	935595069	712184434	635234477	281081884	696821770
155641156	999202769	877178578	779887519	703510525	367630261	900166697
675691891	804275685	36332575	447719616	712322569	98399711	26662021
449283955	294226752	617744475	319637459	133832057	237923761	538733032
273050543	494114976	740867241	150919856	557017976	265727124	861332225
110986029	511321229	628925262	599301754	215579955	344544324	455506258
843680527	499780756	740767836	922807111	196129917	624870515	60932161
150510054	18052229	490381117	986708278	787491912	957266998	612728253
53922905	679657574	464090424	515689930	220541114	643617841	438943798
59560552	376477490	566266636	595406003	526684420	453115839	871393224
843933365	109459681	321426196	158303393	177882171	189182621	502372279
262632906	267552961	405054651	764653385	279371069	793838943	853649687
819467352	482336337	274314139	479092941	660481484	622107313	67328928
669072467	740587707	306990505	280860569	860813559	236303971	753351895
377647547	732263921	947544346	121462671	383910564	306910752	729580829
392969894	906951501	393340926	217934742	668003411	162745325	7609407
964991808	69513018	156772928	669887046	673200506	286134372	953003247
778722038	632659563	273022667	585953642	21895992	1233460	687620267
130431036	244703103	972200103	83313734	22543522	555724707	330355586
108867752	127435920	202761428	118427933	124484969	69793370	324417982
292398218	427334926	405874910	106157740	140329325	935148922	433388078
118196732	696207405	349088472	809419779	930082794	866613852	229082614
514791797	271828683	937326380	174660184	604985485	45056799	785882587
356119540	106475649	723345804	86885923	940749735	355475910	668529810
232153660	202777356	672486743	818782819	198523091	980740429	634206118
593921454	269554550	198360837	859069687	787813369	377675334	23863523
789099818	486183776	837400737	248862681	546727421	838915911	149316157
502037024	782057620	6905011	986944563	390467304	869972368	302300604
268856555	240416326	510559637	397278144	965144932	913343075	46926711
815959813	277153267	862563779	54936425	811074243	867245854	210637426
285814016	855659392	171644607	632629567	96801580	36301352	636227361
287902536	88550932	574392936	676466058	786422282	144718985	857705661
239934035	372188739	744496081	301186653	657494022	500403623	115127264
358026778	570825351	805503166	541396641	978827223	120633775	703954334
708952759	632081924	406773744	306010545	62215601	395743271	474656847
80632778	219629217	65414037	841807095	806465648	648360299	499620781
164273380	640354257	40452540	252792914	821949525	256230456	506589255
677100456	355223592	296379630	378985994	129647891	907599896	426430319
193168432	803640724	158111218	167365441	596957360	511926981	872199013
38863357	608523882	128351050	568636804	641405340	589723955	977483327
398788154	727951133	440157104	96940005	293829163	236345979	282707974
901036969	649343955	957572718	504466492	606292397	879345805	596806506
680008909	813461529	744259215	9110922	521109452	62809227	951853866
381220267	613250398	111153067	540924946	386366736	887068303	263116243
56612875	603616777	370803977	413361958	710541026	186818640	667539912
245719206	467743393	248514133	11371481	850484593	653721844	797474861
467182585	892786321	25396364	242532500	218404829	319309161	911832902
447225745	526235992	546297980	360565237	891842370	614820555	917868919
206459055	469996717	94901768	778771159	431229040	793283202	85951919
375718256	917887782	528206212	244032614	396660799	44854357	803959120
947138955	411629397	884181783	303855749	514916664	162910540	420553014
959048436	307490072	536321260	22027603	58502062	221517592	649598874
408466626	763052299	973771024	698501394	7987045	16689372	130108649
565424634	104674159	301903252	330309429	992557067	631736135	532447590
723614135	11158723	50440881	867935833	323068822	733574684	24896948
641876156	226451894	307138666	778919166	334269177	593059760	914278497
12507913	76551471	867020899	597488670	928654041	317485876	14606822
40983794	257233254	441945640	730271258	376444504	735697125	820539053
296017886	361643970	207326635	505864389	342556716	230798826	456763233
638243206	807272803	533580210	479378472	110714207	238769283	660305810
528286587	687425020	529964223	432047702	602346812	384980771	142548412
722550900	433119090	978299298	353486363	370635442	4270201	747806483
807083708	566495947	764121402	84796156	545461037	705692526	234420620
144818581	543607149	109110308	454185678	84704809	345747019	984594783
207047714	375202824	339236615	779580833	66114248	658985466	562388711
850360069	165014841	998673014	568680262	623558582	632888343	98068398
923212196	690633187	313833101	431066124	425923456	921604543	737035224
723445450	647464958	854473315	185028840	406381404	548635082	698676585
478391411	411643695	589819230	114923813	383450145	395033506	449000017
659658534	944663562	563704589	758139702	507437576	787127582	267158086
847140024	157768503	170610548	957264813	722790073	794056444	204476314
468407985	138723452	151713126	931529398	544802126	290194987	322455050
308083546	292543100	994555924	351958142	741833128	497668104	950620417
870993864	729954071	736538497	755422126	889101419	483384746	796316008
236115839	535767380	981268326	269806432	781290317	870161574	916058335
488279229	721181003	725356576	312355805	485109607	830106239	30672590
126486634	888784131	8286063	639300731	400855385	881285930	385915366
476243335	85027220	927499681	774956464	519643587	756983160	980235662
97655725	734659165	680385794	955582942	545098743	524189928	106233377
478740981	886950548	542347123	437671687	715019159	388530894	542552465
628728271	99336509	10690805	476739770	532418498	938507213	631213349
693448741	614094265	173032035	496594727	993535327	766324676	474799783
590017159	476479462	280827809	656892863	562184952	496090538	31413612
925855769	662056271	978291417	541466343	746184475	304357476	16494368
237849852	168923703	194925414	721334683	312513640	828444347	718541831
557632400	764873420	785036901	5058641	394212823	794861110	904629729
902496239	365992174	333982780	452490338	976956673	847917010	695873928
952584283	653011598	500142168	592997397	409008416	401693544	365377182
129038514	665944910	954075164	639465857	672932355	225055973	941567760
243218240	652480063	907432501	54549863	970129995	11780942	984846699
177699247	207416772	50202094	337235423	180786026	816865883	587344364
245371447	421366961	590961376	996273346	878683682	109950132	396790842
583238106	913792626	750015644	515594818	735836678	30160018	496182957
67950299	232743445	72573864	160656584	845529322	424571219	487303252
716304202	918037064	108204929	776285339	81104655	534055889	945212087
510511286	421924163	875023700	318334577	711185841	519529691	291653246
629757330	523892654	947869775	782976517	972089152	149666808	669792178
615514999	243312037	564726412	314974013	587255151	874954637	62090148
861820455	328791081	939662248	810595294	147338645	595047920	651065236
789421	40448363	281355394	733056820	431850137	241133838	18345537
785674001	640062992	625853239	534988206	866194668	778931087	732345204
506818433	772029557	129652566	969266994	989610757	412055667	444592185
930830205	649733166	669770526	172204975	24610510	534843102	335635654
716836599	386830137	873354298	344871110	358448754	34340308	412040797
937151391	419781529	340136555	565824180	274846416	742942453	64667725
862182303	526550626	998482148	845022484	815604501	531629084	320810012
933503584	194724858	973749208	571982087	168386137	529955968	945142051
8459008	645498522	954981027	600396918	152965014	809438105	488447660
772923144	147207950	900641687	556568891	828049399	616129457	540479949
405034171	247313913	824440119	232080639	262978547	499573022	90184448
599879285	28251708	139267221	161430864	198190806	1154043	579172170
339543995	811733773	77332090	424462760	248931130	951776356	982684432
229380516	279958213	64375805	933808681	269672733	225473153	772540971
293602525	504355315	500789597	395537621	127331339	285492751	230339579
584187168	935167854	604327173	291438215	817246037	953561527	828565561
875895614	902960593	653770366	982417731	508047462	149446135	689643255
150511830	476420213	367371863	853454455	700054954	894147508	431409965
245926021	234353910	14852808	41941128	753883275	835122565	331492297
562202754	164789674	150321180	543762512	937505121	703373419	96140746
546911472	841536291	975486010	54690220	480761686	757236141	267480636
643051708	808397847	229419396	727548300	738097495	600898115	837080285
725885611	764242313	653780255	795544153	172809734	474242245	552463126
889607255	243262376	840987452	147562771	523127826	878919556	166434829
987634825	656625355	853570784	929472955	801036491	965274290	530645403
775802406	513100618	662216285	255977856	354207846	806499945	457093816
425943722	125662205	730623094	13104059	955651250	125961149	682306922
942255851	598194635	343831253	352385598	547372448	220935492	452236569
566517321	462550699	879726449	218926314	362650402	355774598	836955505
780070248	785182694	77102764	139051756	389745315	237525356	483501995
912835617	654896772	852017001	611130628	251663402	908965189	283564305
480456560	411926860	975843313	871385949	931181566	742754030	912085026
182589801	825919632	237337686	514921410	516437020	78891331	329094107
965356329	933256008	995946531	463361668	444211839	384308593	930337711
198019726	599716340	777914416	654687783	338113873	283567531	594531078
74179427	239730646	858984589	231844584	653033049	773720122	462045112
66746397	291107976	681503628	860107915	277807728	135846196	111762666
910108843	856765972	121410913	784702544	899374829	336080121	481554613
646111050	722294112	469617521	876806056	336133906	616217027	813334883
628852218	542671565	257599648	604780666	409215793	160763437	255151489
356266866	654839059	189025566	879037249	247747591	657083185	917140221
634540298	809316562	540014043	667914434	782617427	460700212	888204804
833544891	268018818	981597347	568774277	680227989	394362664	646993210
236991645	408572556	680033612	636206440	53658230	627907958	243643303
585198696	488832776	130578478	206594217	763559516	860592344	823381915
71424080	279299945	544980055	5832814	643240530	306286448	625655829
213476873	940520350	831112698	920897817	495492163	34907213	322364641
254450579	50918561	115778125	554699150	138769125	328645890	477184901
920693027	786387449	588463352	303208239	790750240	3809199	894732896
935751916	115859402	437146409	851592958	805197408	503796530	459007724
190390805	776098569	716927667	617139911	240251390	61913831	371751839
734862486	595194339	8187011	462158892	475710500	48678918	966499917
294563718	328684963	776427298	611362014	188655958	330833161	73575499
637212010	828088289	902393121	611325931	222676880	539279533	93860772
648487997	361722251	538306244	242771227	257677648	753306977	14993562
818301325	274308894	858570886	892283997	804149861	97933302	140609625
109419774	718888407	619841667	599453307	611287582	639759169	914647851
832385161	22807739	106504071	664938425	154527998	448221092	410236850
893375526	933699107	943867639	176919886	34929959	729744976	346602804
948733498	173748736	714776023	367423619	314385024	957396972	885060564
655879672	809077820	763383604	918503970	222916267	723587613	911024002
672926470	772998738	197472073	694816274	554538835	406248921	17968695
323600585	934677373	281003457	80379837	97118426	197483400	944001484
865973893	488308259	563726949	524299075	16109539	739325118	390551296
618786477	848702398	801207605	731103977	67803357	984084190	775725843
253367995	845444700	590967837	219768143	916371088	222118189	331392812
404482562	871159605	228490394	459752999	674026715	904221739	187060621
188500853	971484861	114926335	71618849	603032632	182966927	716730520
868792182	585019373	179344197	113914746	46872114	105700937	134743254
970720260	978806178	674255808	553515436	838069085	554691458	738252573
749215265	589308860	280599505	763679890	928741955	22024814	431173609
744993573	35377965	616152214	908176375	827653598	171186442	373927604
356737103	850301214	58911492	203428296	321346515	261346420	553461529
203619011	949428570	146677991	62040645	330919528	955477019	842767151
176283954	945551341	841682528	345620834	956148420	741733546	208048254
73430313	475401709	99904602	100564827	430612630	347261401	183867475
628987219	338012844	862520654	584301285	527351682	985388242	241206987
608706501	573590958	761651865	951277394	584722572	838642042	369881602
755209238	448001876	526777175	546720946	787800073	85601510	270054178
132607692	940243251	88574524	687330355	936512933	815653747	352229512
115550830	50719124	709334553	396302748	866522632	639639961	329448476
848719653	307563418	791024687	484742869	277430267	849649279	85618648
130210192	634710185	971212831	591426753	763601633	61885084	611956136
90014416	169229112	746699120	969553073	818402069	663946438	778265186
522179315	775767724	56025052	877299664	230527341	598543029	56543230
818123138	830874377	66202486	700173950	416675056	557130165	232022099
101948754	71416014	819892417	254733737	73130619	542222825	813344668
267708682	722108712	736093644	238300387	500475920	835761252	962596966
253280575	351648133	139589823	653739189	508063646	605041747	514498051
33857564	457318227	125704739	61892739	82711278	434784763	955607511
944226237	661964149	88164715	35088109	791924738	603947618	857289148
369817737	218414476	405208663	917039384	107429940	810198612	701307979
749941398	613070037	599122954	761931493	907702469	157616660	318979116
426323282	924036451	507291935	194092621	171268483	530570348	272492928
614754728	988968611	185614150	752680384	511620448	665502964	60101421
869711898	845680282	522679740	350905461	672142363	436685060	385410718
508763384	299734432	945090029	655106526	181067818	325385048	755293288
67644736	154286340	807072084	304953114	614649982	710021109	167405985
273120577	1726748	439797165	992655366	499898331	972232166	367281429
148029214	467859685	588565566	132853997	580308841	157347381	708357050
953704002	548887889	947157256	849644702	938538776	146485235	528388716
655455997	855977675	778457715	808055929	215294177	578238192	600952070
540709738	254553155	202584999	710397914	304241706	193195154	734336025
776114046	868607803	171369348	508598184	140187341	775544195	710894058
315045106	118734810	908629934	342131926	351293005	38022532	107666801
630412963	582865012	996393058	777167297	488017292	96819628	911780052
433968108	227090308	530065707	454783160	241869645	719581318	934678947
584620288	245808422	775717700	707881939	340200267	139818320	772166104
723439024	291183682	609639059	464104476	305670720	448487128	942763781
930982439	108055957	668875720	69365593	451945395	743460643	633912280
104067175	620315263	164517819	123549805	888165321	343220674	867741638
640023247	113112680	823780667	381528445	359442767	383387429	752174972
298555976	560394476	394437141	673358826	600614073	861022095	932792688
378755978	233262906	355392379	808462136	908123742	125783816	45515606
342408941	916345700	386214806	238722023	972931811	784451694	244682301
703079205	547375200	399974400	121665061	854782571	71627129	529575615
94859236	983844673	426571950	110054191	436135383	555091060	540061662
758321421	788248148	913867882	696672300	531126247	459556980	863959742
119709132	143605644	143870811	247690864	441613781	411054723	531598849
642004139	158027838	129380056	371937812	508487085	746730942	720274028
817586474	70017137	138479994	436113216	880333030	329925512	778001580
141690380	331700828	829905204	116345686	39471704	812863292	418976938
87150998	292376849	402375021	58595124	150074567	950400413	449535594
343048388	264232117	137953685	677404687	457286004	946791353	732965069
548468349	907695197	551342862	559098495	80351666	913467707	103141790
865107338	21529578	662507637	198490236	551976261	744681854	699427382
214138301	282252716	365290803	141119330	49022784	704527385	971398107
134298749	925424188	201038260	106948687	219706261	564823939	454399757
640296981	220540589	412994734	756382119	166632585	881749871	355164223
794149761	908308042	521307305	24332369	604961435	873553676	31818458
586879522	159326373	34498293	950758062	548924701	932239482	283052003
691246493	647779056	853945150	695426934	437939112	168616739	448686893
828966613	859047021	360678591	8358806	494097097	553189824	182542156
719853771	346538691	240609865	100486114	545420595	47623605	506186683
276799677	274076437	491647496	72031830	399120101	660287803	927382561
76185326	469133691	200140169	734607639	54500069	649354672	7061788
189012806	151173132	41520246	231812156	794090079	583585567	918819066
564030663	489492024	410911781	335693240	773034706	867890227	388911138
688900590	832923388	564308058	145097978	622206088	987745828	150901939
718476438	473426743	488344774	949667586	984000698	368578753	444439517
132293318	238174056	352620304	289969787	159798397	897954793	328075933
939879443	102930395	608016168	885379885	203153645	48619719	647058987
975124224	742714577	82389615	752601363	325708853	776765456	705989861
705119260	91702318	875727328	15080898	979616288	833752693	977174922
428789958	360609398	549692197	482645346	10044912	24054129	924297243
353085508	376898594	585038117	518919575	766467800	709539036	528126900
928599245	316540820	841216292	230057574	856287314	616868242	680638004
115611274	277604017	380189496	991468450	626645959	684126828	58275118
252151632	190832409	725058424	689011927	837127691	96671093	674598719
432719945	160306269	771499456	538991939	596056974	963950556	126338932
580016987	264855546	261644042	417628887	670182198	568056952	178618399
414970831	921582735	84021466	489226580	265036302	348633286	952542581
138452997	304648719	424058619	528533916	572953582	22419938	227684004
701190769	202185210	241087602	54084016	809464230	169232976	865103993
622496414	129404941	25680705	129833734	648727149	531254261	479603186
422190100	664296515	557496343	428094892	898388201	515535563	305799100
895927111	396337656	169286081	656237721	491848243	719052069	872283350
381937591	285542451	380585802	892564475	74772360	809873968	903570582
802991244	941753885	649922440	333646616	152690891	368483120	819463705
700234763	578712180	524396621	851118884	737751567	201596018	501060192
946466729	900996731	638283890	767835874	907255930	638231909	808584670
48882168	730665859	79848261	378733738	594958109	958889879	582964390
533574973	611271570	72159108	377748701	61872185	295270561	17810296
410327764	763431160	893852511	484709077	922226124	765159026	781886980
105532981	352746499	148677274	691018690	8487007	452525794	12106879
702458394	357334306	827775106	14933168	552921600	572970695	884032186
337847038	890157449	49115292	982615751	387068118	894281233	194179597
121795872	984226771	489407781	750578397	428125016	100816666	616324136
551033702	219491444	433329801	636054601	831024101	534594611	949210288
257120554	58872175	523718798	175797247	847661752	961056240	972765602
915189892	96278924	374280680	174534486	403617689	255411068	212161027
768003791	605153559	565649877	221114973	200197497	438723443	135725905
438480099	655141547	210139647	684073390	77453790	16161060	577087957
714419746	564136058	588979941	24495028	725820373	496368846	214164755
45133365	701634813	776153623	408478457	255063739	164968519	373251635
696455474	861599397	97272376	902183626	599547861	752021224	918938909
954981443	505730175	332571222	58042690	640270249	578506403	298769058
688538147	599702542	288718857	872120558	35670594	407890965	328628398
243074829	889285799	78852888	39819850	583840940	725783302	372264747
314951631	624056285	14437883	948492063	106268127	470913760	440881204
341749462	70305016	197977266	846674503	711077439	179321076	183808437
807611795	149858926	576509888	187729435	241565597	153056757	662702159
116426847	864804172	715455825	953596323	818315076	811570982	177109419
120791380	130945644	879388603	559218078	328610639	286353259	921470036
331267124	372057753	610995937	294832128	427243092	562870869	7661449
421659256	86757300	603690010	301307063	348169092	926099956	540692765
753244215	716595806	653095488	187579407	434904138	250344774	372771841
683513935	658426091	792453049	886145597	381365730	682562066	278871655
425994774	13808897	457526710	432702489	268753791	338327589	382934661
769842605	146256461	239484793	319807250	115469701	539532750	570092908
519111287	724040526	356840607	132114017	699133508	726512041	727527206
295896468	481750526	72089839	232873685	121507000	321099061	717023185
838017317	509156447	961771292	513773339	208119817	804375037	380606610
483586169	888106813	177079914	504188895	58301982	846985608	796200846
168617045	437246444	519190012	677816197	926246315	788798601	383362846
336888555	968433470	981614426	318541525	662087131	461464694	167501
484572969	621553304	716311162	852869138	545804217	470384504	875713251
859856616	733005128	623664185	238677408	723933918	414010085	794398570
94208682	988465047	872839079	152761458	948576134	448057048	370704683
983376512	358123204	934603142	32133541	345767601	365456287	417996492
162136277	869504190	496246253	481003979	578074255	195604631	589768164
234460346	934167650	295654081	510240175	41756420	906588283	126685299
254328734	289657430	639753795	582417456	602993545	832181638	239056624
393620446	24363502	155268773	407471526	362192734	599918836	967968800
105081413	76058641	539719809	487326735	625538833	56588675	27072337
987010707	184374360	862098563	523808015	800529859	140857743	723775917
870892277	19566327	630464393	820417050	150779636	743763902	31255010
32108384	993985954	13667057	44317164	915072604	397843961	46551273
881540441	638153450	251661671	467552576	358266919	84687398	56476377
26076549	791418714	92049564	561603712	720358026	626679857	331882876
733312703	525267183	361407550	789531220	926863598	574705021	317239902
131810081	160035418	546056804	552603732	976750406	103050799	817774780
447181908	171582854	674696683	155052920	652009187	686807160	841470075
193410231	904562866	283870513	920574803	744089110	906112444	310581168
794410491	863882478	251261903	544230697	171777108	766820727	753535968
873744505	479248069	774326796	699632751	508017014	236944071	294247709
843985319	934311014	820293061	408868739	752102932	733517177	23516598
902469001	699832269	172927430	487686185	912266863	219765671	555796632
600439906	749626696	5439321	351223567	286859199	982283295	874074307
836108295	542097374	422432060	39669229	978352076	109818442	287326651
429501799	561661242	931239163	876163245	862854199	367823233	694020007
265799722	813077276	427603984	370188219	772004972	12055754	432150611
259242763	488190410	952673992	16562063	601698331	309176761	83012844
364483953	367449041	941607848	864095445	61478203	990220933	404661224
240778761	643491087	899943255	336203452	100197470	470456035	514993078
909875948	921559056	517726580	355562306	575062638	731132409	606958225
202282660	976501025	869573685	451049641	945208718	120971168	936125449
889028031	176508504	928308510	317801508	906278511	437994574	33314167
846981407	31196500	996980234	429549445	10018493	613324210	113207179
160469692	996972005	774910692	474299840	401994340	35192129	884617791
879633852	541776878	46049788	83937607	896221358	32846142	253784456
869581060	798281777	395253447	433294407	156792871	236180279	619734476
476842708	943985697	788663543	442620659	970412778	567344697	471457845
384550253	867375230	851058395	392504170	817101957	248255096	481172224
575914923	532253505	97009779	497668466	62966583	880005503	953562960
54444324	363526054	497866473	119415476	76799092	797544263	331700500
873104285	741918529	670831363	853364691	365631082	680984095	588236575
561475068	984057460	276720059	104982341	255396192	777954425	578461651
370415698	72275555	49744536	399992650	570726176	43629319	173049705
701186740	143644241	335553976	352535501	987275518	21612193	979824717
42204574	355441170	271574363	231773257	109717744	997524375	439786017
57701312	69513690	333362432	4778090	348357062	502141845	134808210
165701839	534919497	675884556	524713901	140232702	296392867	818295570
653664606	202497604	897796474	200300013	671958695	200883462	971859120
851526976	601841102	257308788	357738322	650879356	909128298	649404535
557441171	2762345	935611239	516697740	954789894	463910440	544414255
859286957	313081590	186356710	762490922	690589776	436530319	9345191
54629939	97191630	930649133	572331365	890178884	445988287	985476002
749826238	715845677	906562238	648855755	518065775	166350973	991334543
176760380	446477038	769305623	592934672	540929159	240893103	56024715
333136371	713358367	569145586	882494987	949998797	913103618	782451490
146020189	222264487	656317263	200311114	572345598	298485786	137434387
644071056	113207128	650725772	287732388	272394555	385803232	234081009
854894428	87679779	422813648	616098434	396040429	385509301	793695219
900343926	249085971	974972991	75997091	42195904	187010084	265185769
672646358	279556732	47971961	603306977	62378416	712433722	613442493
187638779	107121699	40384086	80380035	816284480	86813839	929454804
438940570	578668337	9515755	431429231	256186432	581135777	139585300
730210455	472904970	671474249	233228356	103772935	903917808	406354054
252441518	929190076	864531695	5816623	992209566	275516736	145889899
413317549	801518367	694716390	395071368	865906992	899854034	55908656
445588556	191951713	798899137	811677379	566007968	438256731	64098901
483610118	608389804	980132120	414247163	216284731	830158292	594660774
663169352	383022268	964796981	958871119	885524303	200613176	778117528
865149383	112557031	106701108	772077263	276683901	609747427	828353078
467872004	226482310	213245702	497626335	127943634	209229815	467132640
133627679	750629257	673689507	157595735	814408108	85506520	37481804
802123547	557575989	104215904	915561824	947149217	799037995	941135670
750169343	506752106	398269071	779947613	260565000	152193879	761959557
804031015	972073516	810329909	100169075	646985820	124372445	282784636
867998436	525334061	172327427	52813918	681904140	761276473	49119747
258348557	124533408	833800037	767442765	65661794	661719371	427895913
925657454	859070439	937133648	908675246	17359428	493397184	182784093
865250830	664390683	78070301	435709194	382344015	990817777	277924815
227114249	308062241	907498015	219326434	449691983	241077462	236556165
864625438	159371901	345078201	32402037	383283812	169353806	236088962
485975812	16448258	692143171	975058572	178454623	278798585	814582014
368952706	491501853	159252393	663006840	710750370	992455721	550987570
243703362	822747617	99026605	81553348	2141455	292569799	558270202
228534622	907645351	408799050	545559560	729802542	66057346	231935312
674507339	319930030	460149419	940787784	802381792	442708195	430377869
313127832	375180836	513673574	9027942	447009304	35702756	994640775
627562389	405207729	315201938	771118806	614253920	815247620	995339412
312109431	734181833	727751410	350313198	793434454	864831866	946048190
43444915	999802712	326456793	952047107	808660750	260469241	335128309
559764296	75626395	673804228	107473553	459409737	428323209	145017193
232915294	880279599	671736049	239104045	791659032	595521986	812193080
834281909	661966793	533162890	705777934	446426162	403912755	23031053
887582855	833412987	150051544	507382289	291598021	625259479	127723590
781285229	472520891	697050920	880039514	847388849	486216675	200153326
269713102	842664269	357138801	561725188	383752195	141209440	325601818
822006223	678965941	964792266	559148846	749869328	77223788	371778363
207069472	985662430	267433089	886786778	974278445	124768276	645858755
781255110	282898684	155423988	455529645	676530850	882594186	95156337
991960357	888657783	66892113	793787227	109164959	449724112	430378578
61231557	578199275	582279875	611999873	753803333	617475825	534257207
16619877	639839921	320730274	49989223	959656044	13819028	392778479
327689455	806589341	907503797	365487981	449964462	945534334	780084052
428725393	895773273	732950711	664576254	784664992	990832593	657572564
976901120	940203356	439975146	618698580	785562625	161704986	170549178
881991419	653937820	966185647	649265240	746921855	373848097	756994294
202144367	580333025	592611339	511653279	464705003	492349496	143795308
459550789	48023123	64370254	498836618	143062164	867873305	117556797
522482872	705709067	302807763	819348330	909380092	753788671	256894267
540451785	714542589	890800429	155677501	172901476	706963661	873292884
851941525	814791065	53640964	547867137	177626170	855435661	958133271
6572663	253935558	207666786	246987856	130953274	869504398	571409066
531989677	944206583	921484532	263305758	287414091	13329056	620691447
722748266	825728842	202342187	362243119	396799226	921290469	484794862
642129441	620805679	412130367	798525222	475449501	705325569	970773075
535385836	345723414	303187117	668504039	312080967	530117454	456531477
761363834	284837009	221834945	983570381	195368702	436789269	880422737
707791833	633897803	940001478	420128850	662670301	367893456	879045903
602180341	832399181	668344254	463432445	626490626	96390665	632292464
115497268	537424796	742507458	870407157	446795548	862141614	92279121
858990106	385462685	121405360	375475723	476974170	663476734	892469311
60134810	510848771	661125135	438790392	224235007	271804207	692540748
161790830	137850967	261746035	100108953	111798059	881641240	390322192
914687404	279950029	93000568	441053899	3480788	733504334	909675734
793295969	652276412	66680206	759514933	55858863	237085092	386530128
743292788	523293725	807009569	68405631	358640868	956948192	851468221
657991264	21204696	516972601	463543614	36872611	578433140	285806444
972646539	291373188	236974533	202132682	916318312	675038447	51786939
378766192	248448220	676663688	621659489	606396014	676008187	695147018
19291772	782268447	47756172	119224488	584252752	52076184	57710248
266379699	58089816	3599918	794572686	934836717	786376822	630546316
27062087	461060562	787215662	259079971	183305135	355319465	701945908
414673811	628504231	262234219	815521841	129478450	543952607	990939514
716078852	741981266	475445256	849168788	279380794	977691765	779247535
690617310	113678480	160934525	814167341	596865091	226652264	400625399
335131127	496329999	806908924	55152340	442137173	89207505	637412918
105609330	673138755	472927585	968532697	726783393	386082651	971509458
18716520	481897994	989022344	868632572	402649835	141050260	48415329
60821833	145955505	498321446	608351557	833450598	580129600	527238092
660810382	748395822	665564421	636324865	645894491	91284852	345773957
861998147	812796112	725100678	946105994	951836746	605830388	260607579
483515348	847598754	472249603	891466939	494320	562713018	990065799
391253745	63895925	37576851	560398160	779339511	708190411	249953251
411300009	624489397	602836289	435427984	969317984	700026416	326558644
240977631	280016550	38297647	918619616	902928475	406173466	773000408
431551666	776565313	662949699	453621910	261551365	723308635	526916991
773274119	475586675	474658288	669580562	522417956	612390633	156418191
704254337	820104059	925695693	468488102	900846208	641939364	35438743
826537474	749778107	82205514	25440068	647174980	362084429	195483498
582882942	118977332	707713489	622927512	763175738	363961986	679915799
482929050	197274999	300729695	876380951	92223685	367998561	401450959
626652883	536982798	472634693	157668735	993971896	774425174	592042088
400457952	387605581	812478007	928994559	91542828	533637643	678778761
168623644	391139640	773189599	501074427	397236419	781092614	52636628
107715460	327788511	112890580	100984783	776602401	193077518	913810381
788982601	219069154	636274782	910560143	732260878	320992772	639835350
899524720	355763817	55759908	133202931	982971951	909179925	714900864
226592032	912593970	395048465	949231095	787321225	136067551	961506559
617298479	514079559	417815059	900516572	947624368	84635620	69250018
459728019	856263658	843783535	932960725	484440908	94409295	808537384
105537997	656605900	349149940	76516857	557039201	227247371	604660496
880753764	445814876	488969543	759344188	810305042	388673538	609382341
972221674	744349964	375146266	448697103	661581238	280351875	472024580
585612211	33899227	666410751	709068127	490914163	369362794	655186176
892112353	596580766	542772703	833726863	627358837	359432773	707587345
451468231	753688019	810367761	876197330	807198653	638008695	757663352
686910832	233852357	469090270	855790956	547690012	338644260	966965995
969480667	620596493	822020542	965171059	220755368	1129511	753899670
718822721	835978903	951776148	448930173	844237775	901437978	624198067
589369411	766241929	380654330	151869678	46896208	931140530	355996163
617742969	557821197	379341872	40463832	364157544	319827766	520358257
979375508	769265274	295750142	21886913	275171229	977533514	654003064
470573942	931192399	746706524	254356188	445854052	173666375	72282733
567213238	243065798	736180034	585235827	686830734	24070063	697876933
715765314	909975873	673670830	425802595	35380097	898901181	461288532
973849277	841078978	766495813	384179525	837032209	937194603	646010885
883731191	801825520	194371173	826721572	459205375	669604678	637048001
617443730	692228821	91479478	689479081	524969695	65773812	946205779
832691893	435790160	806180885	342692343	594841882	511763611	960657866
95034724	43811385	356597301	764702947	520843176	791932852	826344107
36314078	394655587	324312732	401686010	336717248	776224854	957460298
182848083	12676374	3169780	891750972	257543173	922394271	355796146
753587174	566385597	442994284	743189290	45640794	37474075	397414819
270254381	416039091	693999990	210066363	576431946	932864151	176694073
177602611	530261046	204735450	793435056	205656710	186358390	203823456
397397585	109873039	141402962	616197054	269643977	131833214	659217019
938388110	81511272	990672310	179960202	269574158	637624245	73943855
403682477	888581592	431115432	889882945	2584095	666760803	143715674
710796286	748639998	559099903	949930956	25825384	550213316	257977671
462112847	286255650	632639660	948331093	581598094	541950587	526310102
92928611	340487680	272890277	795645341	299600208	783929877	834006703
553721729	100719162	957712936	861908611	529642234	958630086	342335647
996011988	93011289	505422741	802756883	76060002	630255381	267812201
549956960	516775900	90626981	539340584	635424552	927461061	245964909
433083398	549508089	245331455	444034918	550250378	935851778	706211879
759755621	876822636	968975460	304912881	265669165	168183154	100186469
444134460	288522575	603144096	886401002	669379815	313553209	284899436
774511494	467467904	516613264	560142355	11583687	739810994	251845292
551520815	169765245	254055317	346222444	754181266	429990104	433273174
774466787	433023782	752216636	935119274	541961053	932555042	179024224
990773698	310346418	159739999	528715991	293625375	90285132	379902260
315461701	280150360	770672396	336639098	461389615	943129583	70906760
337700353	132804090	464697388	56825207	22312603	884477043	508832950
940617858	113292131	904417724	846843290	919139914	133949055	263726966
639754054	321445967	689873037	130155198	972776589	284599609	569655199
427156535	161875936	209785762	779410643	476529169	988549337	304182750
102412205	721855173	161146227	471299120	968757701	119854852	29055249
344677394	952879742	392099296	391652549	194171982	728473716	164917162
858639301	941688414	492146497	413381899	171252466	736705268	347624182
296091673	656892574	765089618	212119604	23250097	72124255	436402160
552567224	452708077	5559979	971776480	882858256	726776148	809839722
793451743	653023670	924377768	808428893	575780759	811665816	683302466
183584326	28101345	178553301	603252116	591845546	19469725	295610167
790597834	121412082	183415032	752694146	487586818	214420464	908534955
505826031	411105408	274395716	108138347	69665216	619243351	495694636
513049299	147529099	475153046	136510442	499211285	968981406	695617240
266120841	898465324	96204846	960511352	164599614	105683325	910606335
799570321	323906212	15746729	649440640	801228898	193688221	625024878
772484885	306565795	471396228	246416496	342610187	742863263	677494946
206119852	434124651	236015312	156261032	666770608	418667566	75224449
497040604	219199470	412938113	87573339	819138367	108705764	227746674
228000005	439658669	661652231	821140835	707111566	626163859	691084621
5389134	617449160	381263945	575339935	637671266	428141433	204259178
715772144	696877084	678134576	899209281	470115511	839140220	70674489
909436637	68858291	143589399	17135453	124823282	941329720	23614532
590765294	671385038	699087316	268602929	186729433	256336461	720080341
72200236	548106174	654920227	352636908	541074767	565645053	719604123
221027538	81920916	497319820	664348016	998558229	529266268	647118097
485877571	739944848	297061684	345825704	627911765	777380680	329761168
870098645	224085819	671015811	194554943	462438779	588308981	331731259
973837137	183393152	789487855	947256090	277060121	492957616	887488644
990101104	516888858	919088663	114485027	38272387	362289969	675245957
444688612	296597850	347757451	225933967	328572950	178792209	610720543
781246768	93332470	826892828	974963616	905639660	929932889	648422614
509615752	997676750	378030040	45095749	739087200	506297800	169689201
726167061	30122531	221298332	627254854	6567090	300813496	448428031
97523743	519121026	495189189	672519200	867057454	881068852	829826056
761953219	159377545	722619451	285810766	624052275	860165138	228361944
751583378	772201530	389917529	777741675	34525527	374048992	807939178
614740947	965648396	940444194	334336289	160878278	865136264	186809534
397532981	247615498	10407623	599474718	637262839	440982795	388578994
602259354	272540364	850292710	897805909	800053379	689445588	486939855
176601406	875986135	136606919	397020829	438546993	546208456	536257368
816053430	720965681	716188240	490989998	100847526	841487925	614785766
148432460	445949378	850697837	308530493	631162221	662811802	245234847
749422059	485875170	392749124	367214826	957305623	188239545	930544942
723581768	310785169	883819346	237676998	842455942	634190775	510925086
386383657	897728611	25965632	39774095	62111203	767381440	585304785
12418510	476919454	805795311	457058553	388579158	705368425	710193909
491908998	63727014	354710644	41133590	862835068	899338118	720457
169952391	12528431	849991413	50434238	363539125	698878116	285544389
447552101	454324641	84421151	622418883	936330207	890416822	905274392
621615623	591180321	582203570	148276379	389717474	590056778	620259605
584589822	439903976	399978331	744858696	474984111	24779215	563271233
778802186	424955627	42138914	707178988	980746968	581445694	266808416
91039729	101631953	271426605	328366118	974916287	795532526	707495245
73723440	481488725	164769894	8567040	838038331	410181134	864206641
295411744	330029656	184865798	574397610	609590376	241846195	910008259
352601907	225329298	490828973	329495473	595052755	671672071	936445493
211323924	750199667	255096099	996983145	541167347	584916310	754876036
903333616	513884414	581517639	861292705	973628725	391133902	570087343
87868779	158121402	299508874	538379496	206206174	827307451	195770183
406147761	250110342	979218248	156437736	642903499	374547059	610845214
599061104	26688225	163125494	857282020	420738233	41529774	930436002
853873051	984559566	896777928	864049508	126763631	211880592	734101874
901295712	176375834	307105376	260710919	675917894	161592762	219174923
202504902	601767403	671428730	746476117	282197209	709870364	632148627
143986230	376272869	195427722	515101699	933701571	453431713	496348500
944608323	723394385	68268970	827553231	887528457	538824002	111152322
722295161	244806068	847353917	33900960	378052284	340214817	551817375
619943740	529319404	142973367	150188333	7645457	970066492	799569017
741777088	514066453	268373593	242075189	286083396	347568884	378124185
465794785	294453372	755163976	789480700	920048264	318742968	907034784
782556444	930225097	570800449	190917599	914328739	45266074	595200623
906287559	947831845	320380011	308991150	277479889	872212979	900833673
24226354	103778518	701854890	493243698	539899471	187216001	353634990
411995150	54849323	524205954	621586085	683768071	191135666	692977364
630875257	537825707	740213328	874044164	128994763	962879037	680643867
200085970	944785039	62032377	992037143	849695117	940582431	890410363
758478645	2741196	925429221	608976303	601426988	587231175	93611117
748345793	204030455	23789259	722767147	927869195	159312221	719415699
335287924	108274749	354043046	280591431	252927837	609106640	841982364
302794584	694372924	617241199	988648118	921300870	290093206	379824485
365764452	707287115	176017446	853142117	321383873	933198086	759095409
479890452	945260845	650842493	761585777	827764225	280341532	179151891
676995637	689076765	541353708	871687904	418493238	884470817	541846190
413779835	894706033	56093300	914422681	213031879	151300877	181377067
409160874	20097834	544801175	249664819	581325492	603769006	259303770
186877340	681026915	176617702	370659179	488946114	356898382	98493684
337949856	591415806	795939081	362039271	668437374	452082963	519938931
638386513	801577641	995250678	681377478	559956839	582138396	579011460
715747831	262630356	618825556	352897235	680884142	548706457	458362223
214285834	848382098	357711873	169064150	739232042	192909329	48509793
958577644	951683932	547042346	718821419	794746428	829189729	865578976
613676437	770699546	440608852	359449509	483375235	335299249	229208095
53502946	503789682	874432565	903549412	210919080	812619487	12231496
761766975	301406797	376848784	622961325	228686076	73272196	99950560
771368741	98223815	626752938	693237495	989577588	990443011	64357845
558551974	338967529	548997322	36456100	397646613	852461990	153085847
201142839	367974567	72779649	872584909	641356894	971190288	95548775
6836572	224240622	702268580	947201214	541584969	485941509	268564128
491069693	757516193	413662324	198565303	265922304	252928975	323883685
685101102	376289731	72325514	457962081	979429852	968114936	196182168
4729589	520423796	54123172	546851245	594378896	185406435	789277475
228331947	854346287	803738807	976242094	662782380	762253861	292071153
708719671	949918652	664583998	218492208	668820983	814207535	872467567
509449888	732292087	671993890	366605450	409614627	148143556	7174921
758680179	250425264	433289357	29951262	493989115	879960275	125001983
362393493	259804966	39399832	285810899	350372306	732283860	502086567
208044065	840715024	958989039	84053997	844314743	576013815	805948112
907044905	622082141	214307527	34701153	595231097	648134192	421382611
304453964	774386995	186331332	321679837	590353838	981493690	814441744
332474953	749943007	612885394	421186079	740119425	862293629	501082717
515180301	22921518	182107184	457616134	25329136	352582567	139130557
420704851	249092899	229984979	430618346	202843514	240421755	777128759
126576394	751294566	171002367	203703879	457897758	747534590	13915253
795065138	426796712	974119091	964820097	740031992	922565244	766090772
354659443	813671044	371237915	404911228	611230865	452278404	736220124
786768409	506946550	212889298	714612690	911080508	202398358	255789326
290983432	654623986	499269774	441999159	352364772	709083051	659784229
119279272	711689008	120261187	147003071	182668855	360917725	277948759
901594059	980101046	423870451	573187396	622270168	575991166	131930806
665568621	841253949	600495289	871878530	105883177	533766060	945382912
266942499	355035471	723991481	733160751	447531879	394992473	24470880
972038585	581759399	545768366	592136756	786126162	838309454	966885963
541630128	613788122	38433998	728512557	306634503	861823711	988993566
336929298	215795165	703172594	519141104	884729448	501646697	222327292
664646744	933178538	393893698	853790017	281292108	167629329	699511655
111980126	6988903	556823811	274311268	20480874	75863950	827671322
467196127	970898248	131893135	185121076	72253720	676883632	446470678
41717772	402201882	212071380	98895870	697283634	661121631	233780656
853198624	899110835	666329471	628946828	909028459	979246845	799286435
490362650	54283422	947791381	182817222	944067679	444667163	480526660
457430434	853286221	791925757	810942556	830128919	930625274	941674568
903953568	940207814	518660845	708118874	279856074	582079106	268218878
866911778	641115624	192924792	62395031	863603595	790256843	362392851
35222844	157051327	851783875	184218420	477169352	901423316	640789804
915120328	252238005	948506463	136539851	255752034	658364356	97247812
969271769	282475248	759784242	432004147	573180177	772348646	522125331
554883051	222268268	494858573	106994075	604828906	181678439	70140462
228116925	844028242	767885835	776823475	65045425	476817442	726648915
545509071	231785358	599068701	843204043	41712	98319375	882499130
772981497	772713823	690041181	366524492	955291871	651689492	355275942
801235651	118734402	393543362	874879862	125731	251235757	51566869
135014499	703847989	431456569	629459669	830768961	635208156	222921615
110896950	658970369	568085951	592697386	587313774	496063430	900788022
725092596	985029965	708397445	567662331	395597742	121578874	883251464
894260192	615970490	624735782	75921379	671422187	729504360	985011278
359416959	113130790	988111677	118613231	170095494	581984554	579560758
655227575	518850926	947627529	44560807	473901735	82031079	25065293
340680628	498740678	882455424	143990415	949733536	560926620	955404448
967240263	170111103	15805821	401973867	608911590	962810809	592414919
630847130	250561273	954930933	122443300	144051206	401142141	511751177
450761516	374445711	871506854	165267232	269935291	873397190	121027181
990617537	23927520	672762686	357882383	950130853	30858697	298710486
587428079	334510689	512443208	953829561	152782388	115677510	54351749
179718045	28087209	166651164	684092623	944482747	248855378	947432801
338314591	748067294	990790783	279364331	841012911	688205511	795835865
418356650	442176502	109730736	204183104	383144553	461282437	974522560
334450821	719295454	598219656	452353058	310985593	832684635	533515320
383042722	21747458	167334890	936007785	80329830	410012040	471103110
321464022	920131200	655517051	358502168	389668961	692029008	651079476
982949983	788583735	503864582	717320432	840293620	283570921	965871749
879600214	795421776	957038191	41620251	326797098	991306202	628968580
569552606	250783374	350542029	86083842	28662225	857258782	713776270
880291305	333047815	819435801	427582550	318381138	198801170	357434751
591442420	933505481	862401407	326600684	21999393	926718577	439106051
462969191	615937871	790634126	432745541	371292195	274543492	982429965
916877950	334189959	691237918	567816481	725687343	398658633	391513540
942803260	756058183	903864376	344217176	121515138	443660084	3101182
194302019	192453622	899641049	62601063	740559328	934736839	117462088
728095331	49084826	738964503	289401189	943911413	429055873	65323271
656137207	541445790	8414107	824441208	144757285	7152120	723933034
560179158	230384589	161237786	902797894	81129226	571963124	590684186
472850210	955535762	288564171	752656530	544916923	216069974	839377077
371099648	501750285	965565640	923178658	412116007	351306478	428722589
858451181	206800389	430759230	117394483	633823484	837005204	811102789
213922340	144371337	487122733	291022883	487080475	343747874	220287843
76731367	307956286	806312257	561114072	629861084	963156763	666508024
810673717	306529615	729992926	156606034	702408127	383324346	939673214
684092478	978567736	679358354	97366619	140447020	779747628	761178639
370337351	500918269	234284460	916493125	427259442	333021151	715886031
721736996	834790519	954490130	501987262	791873021	353640463	209065686
848260884	743799731	207881011	491524511	52235262	482239812	598034847
94639371	936185064	998179285	778478384	707418384	615776386	564183457
616398214	868731063	262814623	802725361	147238499	657664001	652066925
8757923	62737926	489983959	150527674	764537214	853291149	486631298
922043252	963621671	424962522	958086321	282403592	295547320	510629447
222636472	539695771	89023094	928965747	767359562	296852397	493236304
260109205	272409088	358740767	924183761	563899793	313491237	776884620
959230101	779233689	218029845	599143778	271762217	808149030	778224090
906401609	926687469	906678005	766769160	931764660	285966724	845274471
215630909	458300517	144083473	725683431	309347454	942777357	255108699
180995848	25398044	187599081	427465493	554396854	527427699	561085462
549519674	615341247	992543317	86241564	863553711	477610504	251291199
683712908	566753872	199054356	507653915	754484913	559669582	526027307
136624134	509194843	469336357	882450790	310255996	586977162	993878196
923079480	421778066	282790374	872772960	892565223	701666431	263324396
990653976	264604346	467980645	123436428	844695793	252947707	817504701
787984474	930790980	181911295	788860811	113942669	232692198	936623148
773726279	838851622	661142791	7085579	696789790	933128198	120254883
544030163	824841972	223787654	890494074	879636574	852081186	634387934
5534011	598060358	197224294	417211965	652639283	579047707	591675078
422881120	95734301	680874138	971174169	862376788	864838566	452337552
432020905	719338082	925428232	225005318	531361658	963625582	532411829
466976159	465422361	397254811	38823327	492667685	863516417	369295985
893998767	77338319	42803332	425063404	926699878	897098225	204965279
704269189	601403560	427388351	861664394	838518705	105617651	914791843
47665563	64719230	894357050	251114066	124338168	825357058	490627426
3613564	904289603	152713159	504794245	452403934	267264653	963412530
843643462	550194281	779073845	492564707	922978287	775509456	403195625
344570140	42702912	777513524	396035945	691641563	142321765	745248177
518504576	406378064	951013879	378799943	369035786	132408055	516455074
748374431	725135859	182019034	774217006	154410701	640412141	327659706
951512947	607073882	641540123	707976758	579994736	379318391	795320205
924839401	174746701	619624926	835165534	72201935	40274023	521196154
985004559	286293628	984352882	66973195	156697045	178554462	854679264
125319049	126738439	360590494	435377681	98335637	471605681	485105518
582090538	899025024	617404681	869450508	751976728	284756198	303243073
754789948	273920095	553974593	148201528	963265142	474693658	371707063
25938315	673635973	701316140	453440133	11711713	379573965	195414531
22439681	578021816	661094968	466725781	627213897	27534153	195024774
389165186	932924208	846997975	365698735	413755911	37088495	465394500
430912426	753768260	353449617	383906805	694107948	395653471	623335432
686387108	547005427	713995527	942833409	218531993	632362351	497430324
428861785	907197383	799480844	656769418	716831118	101767465	614477580
527995605	54951403	259483214	84058283	885481764	188959387	705723554
702878141	143360663	113685534	72647246	654895060	614763797	737516335
742875600	186846723	591316603	375403828	799894609	161847681	830405534
434713371	539166531	371130184	110697864	394685023	763177270	968264665
886464610	348897326	633259783	758004986	111958618	569949204	655487196
998966924	793173309	270196717	958699868	737579100	933863049	393980656
67213909	855892483	726988028	348653726	363571582	237981310	237786217
217565658	517885920	745999734	219491688	457060649	951996249	961821314
384847571	439870263	413075987	84212098	67973251	202665683	120890010
312406962	87096783	736804928	454288794	681823136	596255772	450325380
355449790	771134746	711494145	981161965	281303427	177710679	38301012
879791092	343298365	914263806	133461710	349162548	134427427	156405017
999057793	682174035	674538044	613183449	354071077	803479911	909396777
35678093	732419031	707256349	944291736	714866972	171097460	953347627
300670770	293359818	848847476	599123492	103264673	883777428	515174090
876685786	49427696	396159946	165876500	616798624	891170960	557839340
903342998	981328118	762978031	706866704	817386699	305234545	847213648
425347015	936925237	440972605	444848563	773849593	907574937	609912491
738960598	368325687	743700914	403719597	182558876	555282783	539790976
804707246	684070754	152288548	374870793	672462816	305444737	971700660
932254140	913250952	649510109	487704948	839735252	169945065	574556823
230663836	35318502	170796898	72733088	834972198	417870780	136663200
165288346	111484366	867895779	115206310	762709794	679784067	353821341
996408633	445562127	226934122	631684772	570822004	539594647	43134622
173311349	578792607	352193351	963979871	668455198	18870979	413450398
956491135	557702032	135074551	117180008	606887991	924712084	51238162
495162595	982226123	905064682	184506259	165653728	84210175	336251952
467190997	844354152	985416831	933869961	631815312	783564299	214631439
648769757	996259734	220000435	884455624	306204086	581864202	525197638
63927002	722932225	797954875	446331208	514733977	928634078	687726550
419559846	223273445	138511798	187777235	266178610	210762072	145811043
187226269	286576541	927165067	723500743	672414804	295658352	136623000
763843682	903006293	972351207	806876334	768669687	553122444	677391444
430890255	807114417	809145152	766706492	76524155	358028769	601223095
278254906	897664133	318795429	67561809	298864025	319464848	505461411
383616822	169894150	298393415	670885606	866426491	905704515	392033522
288542383	461088013	653142066	229439977	115161746	632983814	904445942
565550406	876782024	76514187	324057186	513591715	854871957	918238533
683610099	525322540	766182486	67687133	152653540	726107530	929723208
418245091	663539996	708637025	668981423	601646071	840583893	132879584
40369362	503981132	770263836	371653999	470827227	454506050	818165384
517908888	397218446	266918602	16173003	364123176	68292359	843298708
47088816	970925854	197906096	871751108	506797045	315587258	957343832
532792435	957720930	89575161	549317101	743056134	292076375	172713359
36394246	977656833	71412802	847402478	386816523	251919076	982657132
238646664	246384957	19957418	476146610	269737050	821265269	363226512
135572977	438621686	678887272	266652760	647951162	80528417	420551261
721378906	287311277	669191730	815697083	954429849	507165192	400239666
339597539	904875080	681715851	395401192	133175139	879814178	280596930
234494246	309853829	316307731	218851462	914178067	663642565	592685582
105900126	403411025	706577783	541414749	474469128	970894721	232668697
860051225	231720040	381840462	274421286	795200823	144039293	176902424
538907477	259474431	675108174	585253597	220855526	438634735	263867846
994410287	619944202	638697695	755290345	835675280	360860009	649506712
706654008	584257951	876672914	539157050	904137109	492027559	420599755
725198740	769706999	161233543	631290849	443357548	153149421	828054931
577674054	360758750	634614095	759468347	373411619	157645159	334321736
963704880	57201403	713552348	827523192	934229876	214960764	648918898
25838588	181745497	260761829	690996567	353567482	725607718	535300811
171920440	45444543	122318610	778166009	756682493	400397408	316512982
529132003	115548830	720558491	885769217	358818999	848396078	116096852
613228356	811597025	428549545	395475509	176986813	508516265	777275262
768541406	467310902	709392620	487366564	54634369	184432044	33753870
471744714	684152259	277587471	234309867	614105413	267616623	958850970
237948327	362567939	233075223	872428540	643694083	412152561	42055968
988699259	720318729	829429445	206005277	637442216	739836496	103960743
832551064	662953362	969661870	66201270	229041801	294197194	28120077
681252172	476887758	96709475	124234394	766942697	971441505	636292595
929344597	424434498	351908342	959671670	969773759	820386449	575298456
225022552	335456578	307572103	255962834	731602932	577632565	922639966
633182356	629242182	413919107	193136645	339581145	65902894	692359148
397463520	522507618	728280081	133790330	556098225	905567039	179993610
384003615	203938557	981359677	547769312